2.7 0.0 0.004 230239.0 847.448 2142.74 1.1 1.1 0.04806919195523533
2.7 1.0 0.004 197412.0 926.314 2085.04 1.1 1.1 0.08415856244979311
2.7 2.0 0.004 175680.0 818.779 1993.27 1.1 1.1 0.10654796336173579
2.7 3.0 0.004 159987.0 833.311 1978.56 1.1 1.1 0.14477011247484364
2.7 4.0 0.004 147939.0 842.139 1959.34 1.1 1.1 0.18640623985904192
2.7 5.0 0.004 138372.0 847.777 1943.24 1.1 1.1 0.23112092635236958
2.7 6.0 0.004 130415.0 850.844 1932.76 1.1 1.1 0.27863810433488934
2.7 7.0 0.004 123759.0 846.668 1924.88 1.1 1.1 0.32638419812013086
2.7 8.0 0.004 118116.0 854.361 1916.14 1.1 1.1 0.38133502306262296
2.7 9.0 0.004 113142.0 843.39 1907.01 1.1 1.1 0.4303325638431851
2.7 10.0 0.004 108790.0 862.054 1897.32 1.1 1.1 0.49751958090656206
2.7 15.0 0.004 92919.9 853.909 1884.41 1.1 1.1 0.8104283315575679
2.7 20.0 0.004 82598.0 850.593 1873.0 1.1 1.1 1.172999657235455
2.7 25.0 0.004 75238.3 862.802 1858.36 1.1 1.1 1.6017978925515486
2.7 30.0 0.004 69589.6 842.32 1850.63 1.1 1.1 2.0097307243432425
2.7 35.0 0.004 65220.1 854.166 1840.5 1.1 1.1 2.5193469063316587
2.7 40.0 0.004 61532.3 845.177 1831.33 1.1 1.1 3.017194312473674
2.7 45.0 0.004 58747.3 812.644 1819.66 1.1 1.1 3.3930660542433206
2.7 50.0 0.004 55875.0 850.319 1808.28 1.1 1.1 4.163909457472467
3.2 0.0 0.004 211999.0 959.112 2142.74 1.238 1.238 0.07018163548886044
3.2 1.0 0.004 185768.0 895.847 2085.04 1.238 1.238 0.09833721630232382
3.2 2.0 0.004 167396.0 857.108 1993.27 1.238 1.238 0.12971647791130742
3.2 3.0 0.004 153733.0 860.878 1978.56 1.238 1.238 0.16959033243915772
3.2 4.0 0.004 143003.0 852.714 1959.34 1.238 1.238 0.21025970186905296
3.2 5.0 0.004 134288.0 847.89 1943.24 1.238 1.238 0.2540722387813564
3.2 6.0 0.004 127071.0 870.877 1932.76 1.238 1.238 0.3100798297587744
3.2 7.0 0.004 120912.0 853.926 1924.88 1.238 1.238 0.3551156851715821
3.2 8.0 0.004 115633.0 861.27 1916.14 1.238 1.238 0.4119006854639905
3.2 9.0 0.004 111021.0 861.596 1907.01 1.238 1.238 0.4682916836400666
3.2 10.0 0.004 106915.0 845.098 1897.32 1.238 1.238 0.5167416726284512
3.2 15.0 0.004 91782.5 841.298 1884.41 1.238 1.238 0.833369289360009
3.2 20.0 0.004 81858.1 872.639 1873.0 1.238 1.238 1.24425932370423
3.2 25.0 0.004 74694.0 854.543 1858.36 1.238 1.238 1.6357873660837623
3.2 30.0 0.004 69240.1 841.964 1850.63 1.238 1.238 2.056620655854384
3.2 35.0 0.004 64921.3 833.204 1840.5 1.238 1.238 2.5099375049377715
3.2 40.0 0.004 61298.8 902.164 1831.33 1.238 1.238 3.268187522045148
3.2 45.0 0.004 58241.2 826.736 1819.66 1.238 1.238 3.5315076795912845
3.2 50.0 0.004 55612.1 890.909 1808.28 1.238 1.238 4.404117269279434
3.8 0.0 0.004 194935.0 884.844 2058.06 1.342 1.342 0.08373198181376122
3.8 1.0 0.004 173961.0 874.374 2045.7 1.342 1.342 0.11745734925590826
3.8 2.0 0.004 158729.0 878.495 1993.27 1.342 1.342 0.15661772986123013
3.8 3.0 0.004 146978.0 874.598 1978.56 1.342 1.342 0.19795820284693508
3.8 4.0 0.004 137573.0 875.313 1959.34 1.342 1.342 0.24335758480558356
3.8 5.0 0.004 129804.0 862.818 1943.24 1.342 1.342 0.2874417181280908
3.8 6.0 0.004 123233.0 859.466 1932.76 1.342 1.342 0.33645047188586663
3.8 7.0 0.004 117611.0 853.098 1924.88 1.342 1.342 0.38635283405167165
3.8 8.0 0.004 112760.0 859.101 1916.14 1.342 1.342 0.4442397102064154
3.8 9.0 0.004 108439.0 866.208 1907.01 1.342 1.342 0.5061884142700449
3.8 10.0 0.004 104649.0 860.189 1897.32 1.342 1.342 0.5622736158344744
3.8 15.0 0.004 90393.9 873.035 1884.41 1.342 1.342 0.9077067931127218
3.8 20.0 0.004 80853.3 857.909 1873.0 1.342 1.342 1.2714731043683314
3.8 25.0 0.004 73961.6 848.258 1858.36 1.342 1.342 1.6734978310339745
3.8 30.0 0.004 68670.9 816.051 1850.63 1.342 1.342 2.041572597178654
3.8 35.0 0.004 64373.1 843.646 1840.5 1.342 1.342 2.600499814156859
3.8 40.0 0.004 60865.2 863.712 1831.33 1.342 1.342 3.1964023990887536
3.8 45.0 0.004 58018.2 786.209 1819.66 1.342 1.342 3.407788451615597
3.8 50.0 0.004 55494.4 830.651 1808.28 1.342 1.342 4.176598517307965
4.4 0.0 0.004 181523.0 907.239 2058.06 1.443 1.443 0.1068353598104481
4.4 1.0 0.004 164330.0 895.401 2045.7 1.443 1.443 0.143508165477033
4.4 2.0 0.004 151365.0 886.759 1993.27 1.443 1.443 0.18318005788035205
4.4 3.0 0.004 141110.0 870.587 1978.56 1.443 1.443 0.2236654511550374
4.4 4.0 0.004 132737.0 873.457 1959.34 1.443 1.443 0.2713355949841616
4.4 5.0 0.004 125730.0 872.211 1943.24 1.443 1.443 0.32084057552874773
4.4 6.0 0.004 119801.0 862.811 1932.76 1.443 1.443 0.3692195496984548
4.4 7.0 0.004 114637.0 871.593 1924.88 1.443 1.443 0.4280708941017099
4.4 8.0 0.004 110098.0 852.013 1916.14 1.443 1.443 0.4748234145143765
4.4 9.0 0.004 106124.0 856.066 1907.01 1.443 1.443 0.535901974904769
4.4 10.0 0.004 102515.0 857.956 1897.32 1.443 1.443 0.5982615567016023
4.4 15.0 0.004 89023.3 860.587 1884.41 1.443 1.443 0.9382836795431052
4.4 20.0 0.004 79899.7 875.766 1873.0 1.443 1.443 1.3485545983655864
4.4 25.0 0.004 73280.8 830.59 1858.36 1.443 1.443 1.689638925781752
4.4 30.0 0.004 68070.9 843.88 1850.63 1.443 1.443 2.1741162175724
4.4 35.0 0.004 63938.9 822.526 1840.5 1.443 1.443 2.598852442373688
4.4 40.0 0.004 60558.2 851.899 1831.33 1.443 1.443 3.2150382123203802
4.4 45.0 0.004 57585.0 860.757 1819.66 1.443 1.443 3.8090059816019246
4.4 50.0 0.004 55187.8 863.97 1808.28 1.443 1.443 4.431842208736248
5.0 0.0 0.004 170622.0 872.361 2058.06 1.557 1.557 0.12475047209027582
5.0 1.0 0.004 156261.0 861.625 2045.7 1.557 1.557 0.16153603225317195
5.0 2.0 0.004 145007.0 858.802 1993.27 1.557 1.557 0.20279070878521585
5.0 3.0 0.004 135933.0 864.109 1978.56 1.557 1.557 0.2494370890440208
5.0 4.0 0.004 128437.0 872.958 1959.34 1.557 1.557 0.3008114720115884
5.0 5.0 0.004 122091.0 880.299 1943.24 1.557 1.557 0.3554006530031506
5.0 6.0 0.004 116639.0 876.808 1932.76 1.557 1.557 0.4082598512709569
5.0 7.0 0.004 111907.0 869.302 1924.88 1.557 1.557 0.46118365636450326
5.0 8.0 0.004 107670.0 875.098 1916.14 1.557 1.557 0.5238183179278358
5.0 9.0 0.004 103964.0 870.4 1907.01 1.557 1.557 0.5819794277543737
5.0 10.0 0.004 100631.0 871.43 1897.32 1.557 1.557 0.6458222992304784
5.0 15.0 0.004 87759.9 880.974 1884.41 1.557 1.557 1.0060230722650327
5.0 20.0 0.004 79012.7 889.763 1873.0 1.557 1.557 1.4206045465789836
5.0 25.0 0.004 72564.3 840.333 1858.36 1.557 1.557 1.763432395946956
5.0 30.0 0.004 67571.6 861.343 1850.63 1.557 1.557 2.2752182337408757
5.0 35.0 0.004 63494.4 848.882 1840.5 1.557 1.557 2.7443007147849334
5.0 40.0 0.004 60174.0 841.96 1831.33 1.557 1.557 3.246347005285886
5.0 45.0 0.004 57377.5 885.803 1819.66 1.557 1.557 3.997808235710075
5.0 50.0 0.004 54913.0 828.001 1808.28 1.557 1.557 4.318476772926235
2.7 0.0 0.004 230239.0 847.448 2142.74 1.1 1.1 [0.04428917 0.07754058 0.09816935 0.13338582 0.17174781 0.21294627
 0.25672683 0.30071832 0.35134797 0.39649249 0.45839612 0.74669866
 1.08075846 1.47583728 1.85169149 2.32123297 2.77993114 3.12624544
 3.83647202]
2.7 1.0 0.004 197412.0 926.314 2085.04 1.1 1.1 [0.06466276 0.09060427 0.11951596 0.15625425 0.19372551 0.23409275
 0.28569608 0.32719045 0.37951004 0.43146662 0.47610665 0.76783561
 1.14641448 1.50715392 1.89489413 2.31256349 3.01118699 3.25380043
 4.0577906 ]
2.7 2.0 0.004 175680.0 818.779 1993.27 1.1 1.1 [0.07714755 0.10822085 0.14430178 0.18239136 0.22422067 0.26483816
 0.30999301 0.3559712  0.40930602 0.46638326 0.51805809 0.83632743
 1.17148825 1.54189895 1.88102941 2.39600425 2.94504683 3.13981012
 3.84816325]
2.7 3.0 0.004 159987.0 833.311 1978.56 1.1 1.1 [0.09843415 0.13222311 0.16877532 0.20607707 0.24999857 0.29561063
 0.34018522 0.39440867 0.43748472 0.49376024 0.55121605 0.86449985
 1.24250828 1.55677075 2.00315019 2.39448643 2.96221718 3.5094771
 4.08333534]
2.7 4.0 0.004 147939.0 842.139 1959.34 1.1 1.1 [0.11494047 0.14883332 0.18684385 0.2298221  0.27715655 0.327453
 0.37615551 0.42491755 0.48262681 0.5362143  0.59503676 0.92691241
 1.30889244 1.62476132 2.09630185 2.52849708 2.99106395 3.6834325
 3.97888462]
2.7 0.0 0.004 230239.0 847.448 2142.74 1.1 1.1 [0.04428917 0.07299825 0.09816935 0.13338582 0.17174781 0.21294627
 0.25672683 0.30071832 0.35134797 0.39649249 0.45839612 0.74669866
 1.08075846 1.47583728 1.85169149 2.32123297 2.77993114 3.12624544
 3.83647202]
2.7 1.0 0.004 197399.0 871.36 2103.47 1.1 1.1 [0.06466276 0.09045794 0.11951596 0.15625425 0.19372551 0.23409275
 0.28569608 0.32719045 0.37951004 0.43146662 0.47610665 0.76783561
 1.14641448 1.50715392 1.89489413 2.31256349 3.01118699 3.25380043
 4.0577906 ]
2.7 2.0 0.004 175680.0 818.779 1993.27 1.1 1.1 [0.07714755 0.10822085 0.14430178 0.18239136 0.22422067 0.26483816
 0.30999301 0.3559712  0.40930602 0.46638326 0.51805809 0.83632743
 1.17148825 1.54189895 1.88102941 2.39600425 2.94504683 3.13981012
 3.84816325]
2.7 3.0 0.004 159987.0 833.311 1978.56 1.1 1.1 [0.09843415 0.13222311 0.16877532 0.20607707 0.24999857 0.29561063
 0.34018522 0.39440867 0.43748472 0.49376024 0.55121605 0.86449985
 1.24250828 1.55677075 2.00315019 2.39448643 2.96221718 3.5094771
 4.08333534]
2.7 4.0 0.004 147939.0 842.139 1959.34 1.1 1.1 [0.11494047 0.14883332 0.18684385 0.2298221  0.27715655 0.327453
 0.37615551 0.42491755 0.48262681 0.5362143  0.59503676 0.92691241
 1.30889244 1.62476132 2.09630185 2.52849708 2.99106395 3.6834325
 3.97888462]
2.7 0.0 0.004 230239.0 847.448 2142.74 1.1 1.1 [0.04428917 0.07299825 0.09816935 0.13338582 0.17174781 0.21294627
 0.25672683 0.30071832 0.35134797 0.39649249 0.45839612 0.74669866
 1.08075846 1.47583728 1.85169149 2.32123297 2.77993114 3.12624544
 3.83647202]
2.7 1.0 0.004 197399.0 871.36 2103.47 1.1 1.1 [0.06466276 0.09045794 0.11951596 0.15625425 0.19372551 0.23409275
 0.28569608 0.32719045 0.37951004 0.43146662 0.47610665 0.76783561
 1.14641448 1.50715392 1.89489413 2.31256349 3.01118699 3.25380043
 4.0577906 ]
2.7 2.0 0.004 175680.0 818.779 1993.27 1.1 1.1 [0.07714755 0.10822085 0.14430178 0.18239136 0.22422067 0.26483816
 0.30999301 0.3559712  0.40930602 0.46638326 0.51805809 0.83632743
 1.17148825 1.54189895 1.88102941 2.39600425 2.94504683 3.13981012
 3.84816325]
2.7 3.0 0.004 159987.0 833.311 1978.56 1.1 1.1 [0.09843415 0.13222311 0.16877532 0.20607707 0.24999857 0.29561063
 0.34018522 0.39440867 0.43748472 0.49376024 0.55121605 0.86449985
 1.24250828 1.55677075 2.00315019 2.39448643 2.96221718 3.5094771
 4.08333534]
2.7 4.0 0.004 147939.0 842.139 1959.34 1.1 1.1 [0.11494047 0.14883332 0.18684385 0.2298221  0.27715655 0.327453
 0.37615551 0.42491755 0.48262681 0.5362143  0.59503676 0.92691241
 1.30889244 1.62476132 2.09630185 2.52849708 2.99106395 3.6834325
 3.97888462]
2.7 0.0 0.004 230239.0 847.448 2142.74 1.1 1.1 [0.04806919 0.07922854 0.10654796 0.14477011 0.18640624 0.23112093
 0.2786381  0.3263842  0.38133502 0.43033256 0.49751958 0.81042833
 1.17299966 1.60179789 2.00973072 2.51934691 3.01719431 3.39306605
 4.16390946]
2.7 1.0 0.004 197399.0 871.36 2103.47 1.1 1.1 [0.07018164 0.0981784  0.12971648 0.16959033 0.2102597  0.25407224
 0.31007983 0.35511569 0.41190069 0.46829168 0.51674167 0.83336929
 1.24425932 1.63578737 2.05662066 2.5099375  3.26818752 3.53150768
 4.40411727]
2.7 2.0 0.004 175680.0 818.779 1993.27 1.1 1.1 [0.08373198 0.11745735 0.15661773 0.1979582  0.24335758 0.28744172
 0.33645047 0.38635283 0.44423971 0.50618841 0.56227362 0.90770679
 1.2714731  1.67349783 2.0415726  2.60049981 3.1964024  3.40778845
 4.17659852]
2.7 3.0 0.004 159987.0 833.311 1978.56 1.1 1.1 [0.10683536 0.14350817 0.18318006 0.22366545 0.27133559 0.32084058
 0.36921955 0.42807089 0.47482341 0.53590197 0.59826156 0.93828368
 1.3485546  1.68963893 2.17411622 2.59885244 3.21503821 3.80900598
 4.43184221]
2.7 4.0 0.004 147939.0 842.139 1959.34 1.1 1.1 [0.12475047 0.16153603 0.20279071 0.24943709 0.30081147 0.35540065
 0.40825985 0.46118366 0.52381832 0.58197943 0.6458223  1.00602307
 1.42060455 1.7634324  2.27521823 2.74430071 3.24634701 3.99780824
 4.31847677]
2.7 0.0 0.004 230239.0 847.448 2142.74 1.1 1.1 [0.04866447 0.08020969 0.10786743 0.14656291 0.18871465 0.23398308
 0.2820887  0.33042607 0.38605739 0.43566171 0.50368076 0.8204645
 1.18752583 1.62163421 2.03461879 2.55054595 3.05455859 3.43508505
 4.21547441]
2.7 1.0 0.004 197399.0 871.36 2103.47 1.1 1.1 [0.07105075 0.09939422 0.13132286 0.1716905  0.21286351 0.25721861
 0.31391979 0.35951336 0.41700157 0.47409091 0.52314089 0.84368955
 1.25966796 1.6560446  2.0820894  2.54102003 3.30866005 3.5752411
 4.4586569 ]
2.7 2.0 0.004 175680.0 818.779 1993.27 1.1 1.1 [0.0847689  0.11891192 0.15855725 0.20040967 0.24637127 0.29100133
 0.340617   0.39113734 0.44974108 0.51245694 0.56923669 0.91894764
 1.28721875 1.69422206 2.06685499 2.63270384 3.23598595 3.44998976
 4.22832061]
2.7 3.0 0.004 159987.0 833.311 1978.56 1.1 1.1 [0.10815839 0.14528534 0.18544852 0.22643528 0.27469576 0.3248138
 0.37379188 0.43337203 0.48070352 0.54253847 0.6056703  0.94990318
 1.36525481 1.71056305 2.20104    2.63103607 3.25485255 3.85617588
 4.48672518]
2.7 4.0 0.004 147939.0 842.139 1959.34 1.1 1.1 [0.12629535 0.16353646 0.20530202 0.25252606 0.30453666 0.35980186
 0.41331565 0.46689485 0.53030517 0.58918653 0.65382002 1.01848144
 1.438197   1.78527036 2.30339404 2.77828554 3.28654906 4.04731623
 4.37195585]
2.7 0.0 0.004 230239.0 847.448 2142.74 1.1 1.1 [0.04926341 0.08119688 0.10919502 0.14836675 0.19103727 0.23686284
 0.28556053 0.33449281 0.39080882 0.44102365 0.50987984 0.83056243
 1.2021414  1.6415926  2.05966002 2.58193699 3.09215281 3.47736262
 4.26735668]
2.7 1.0 0.004 197399.0 871.36 2103.47 1.1 1.1 [0.07192521 0.10061752 0.13293912 0.1738036  0.21548335 0.26038435
 0.31778338 0.3639381  0.42213385 0.47992582 0.52957949 0.85407333
 1.27517142 1.6764265  2.10771487 2.57229382 3.34938163 3.61924366
 4.51353216]
2.7 2.0 0.004 175680.0 818.779 1993.27 1.1 1.1 [0.0858122  0.12037543 0.16050871 0.20287623 0.24940351 0.29458286
 0.34480917 0.3959513  0.4552763  0.51876404 0.57624261 0.93025766
 1.30306129 1.71507383 2.09229297 2.66510604 3.2758131  3.49245078
 4.28036099]
2.7 3.0 0.004 159987.0 833.311 1978.56 1.1 1.1 [0.10948955 0.14707345 0.18773094 0.22922215 0.2780766  0.32881147
 0.37839236 0.43870579 0.48661982 0.5492158  0.61312463 0.96159419
 1.38205778 1.73161593 2.22812947 2.66341774 3.29491189 3.90363606
 4.54194589]
2.7 4.0 0.004 147939.0 842.139 1959.34 1.1 1.1 [0.12784974 0.1655492  0.2078288  0.25563405 0.30828476 0.36423015
 0.41840257 0.4726412  0.53683194 0.59643799 0.66186696 1.03101648
 1.45589772 1.80724271 2.33174324 2.8124795  3.32699852 4.09712888
 4.42576403]
2.7 0.0 0.004 230239.0 847.448 2142.74 1.1 1.1 [0.05047229 0.08469376 0.11187455 0.15200751 0.19572513 0.24267521
 0.29256789 0.34270092 0.40039887 0.45184591 0.52239177 0.85094357
 1.2316407  1.68187558 2.11020194 2.64529505 3.16803103 3.5626935
 4.3720732 ]
2.7 1.0 0.004 197481.0 887.871 2095.12 1.1 1.1 [0.07369018 0.10142161 0.13620131 0.17806856 0.22077108 0.26677391
 0.32558146 0.37286876 0.43249258 0.4917027  0.54257482 0.8750314
 1.30646281 1.71756427 2.15943602 2.63541525 3.43157199 3.70805615
 4.62428957]
2.7 2.0 0.004 175680.0 818.779 1993.27 1.1 1.1 [0.08791794 0.12332932 0.16444742 0.2078546  0.25552361 0.30181161
 0.35327043 0.40566753 0.46644831 0.53149398 0.59038301 0.95308522
 1.33503707 1.75715997 2.14363567 2.73050499 3.35619816 3.5781519
 4.38539661]
2.7 3.0 0.004 159987.0 833.311 1978.56 1.1 1.1 [0.11217631 0.15068248 0.19233766 0.23484702 0.28490031 0.33688016
 0.38767771 0.44947118 0.49856097 0.56269299 0.62817008 0.98519071
 1.41597205 1.774108   2.28280546 2.72877526 3.37576562 3.99942725
 4.65340055]
2.7 4.0 0.004 147939.0 842.139 1959.34 1.1 1.1 [0.13098704 0.1696116  0.2129287  0.26190704 0.31584975 0.37316798
 0.42866973 0.48423932 0.55000524 0.61107396 0.67810849 1.05631656
 1.49162395 1.85159058 2.38896181 2.88149484 3.40863962 4.19766818
 4.5343677 ]
2.7 0.0 0.004 230239.0 847.448 2142.74 1.1 1.1 [0.05047229 0.08469376 0.11187455 0.15200751 0.19572513 0.24267521
 0.29256789 0.34270092 0.40039887 0.45184591 0.52239177 0.85094357
 1.2316407  1.68187558 2.11020194 2.64529505 3.16803103 3.5626935
 4.3720732 ]
2.7 1.0 0.004 197481.0 887.871 2095.12 1.1 1.1 [0.07369018 0.10142161 0.13620131 0.17806856 0.22077108 0.26677391
 0.32558146 0.37286876 0.43249258 0.4917027  0.54257482 0.8750314
 1.30646281 1.71756427 2.15943602 2.63541525 3.43157199 3.70805615
 4.62428957]
2.7 2.0 0.004 175680.0 818.779 1993.27 1.1 1.1 [0.08791794 0.12332932 0.16444742 0.2078546  0.25552361 0.30181161
 0.35327043 0.40566753 0.46644831 0.53149398 0.59038301 0.95308522
 1.33503707 1.75715997 2.14363567 2.73050499 3.35619816 3.5781519
 4.38539661]
2.7 3.0 0.004 159987.0 833.311 1978.56 1.1 1.1 [0.11217631 0.15068248 0.19233766 0.23484702 0.28490031 0.33688016
 0.38767771 0.44947118 0.49856097 0.56269299 0.62817008 0.98519071
 1.41597205 1.774108   2.28280546 2.72877526 3.37576562 3.99942725
 4.65340055]
2.7 4.0 0.004 147939.0 842.139 1959.34 1.1 1.1 [0.13098704 0.1696116  0.2129287  0.26190704 0.31584975 0.37316798
 0.42866973 0.48423932 0.55000524 0.61107396 0.67810849 1.05631656
 1.49162395 1.85159058 2.38896181 2.88149484 3.40863962 4.19766818
 4.5343677 ]
